16.41442871
16.46796738
16.35227264
16.23089444
16.09096466
15.97665102
15.96176564
15.77675351
15.47579895
15.37919799
15.2360135
15.21500509
15.18662331
15.24302457
15.36892509
15.28927699
15.15032786
15.10214355
15.18364707
15.20506703
15.03149622
14.98484915
14.931427
14.86302523
14.7611377
14.68262698
14.65889636
14.62604783
14.53462384
14.59922903
14.70507266
14.63222573
14.64921431
14.58016066
14.6643219
14.62608398
14.38274193
14.31313801
14.41249223
14.47063013
14.46290242
14.2776204
14.19645127
14.06486867
13.92998409
13.91466054
13.80813599
13.80280105
13.85046421
13.87355917
13.79293329
13.76420923
13.79362323
13.88704508
13.85168102
13.8279614
13.80940195
13.79434716
13.7584375
13.7002462
13.79424893
13.86992775
13.88703459
13.91643134
14.25528916
14.48043502
14.60014517
14.69053147
14.60111133
14.53540048
14.62076083
14.71086597
14.75928523
14.7907362
14.85641566
14.90879146
14.97373936
14.9767939
14.89866205
14.92333646
14.96709962
14.90250197
14.84475743
14.84471503
14.920172
15.13324503
15.06883248
15.10796608
15.15621662
15.04492673
15.0894263
15.07494346
15.12041838
15.19678749
15.22436515
15.20666868
15.21841942
15.21818248
15.31430453
15.51366806
15.52288775
15.48912664
15.54287252
15.43676038
15.4734791
15.7935459
15.92065967
15.93217364
15.8796313
15.88413013
15.96788302
16.29964568
16.4172763
16.32783656
16.26233985
16.22855308
16.2972758
16.32264233
16.38085851
16.40764765
16.49558189
16.70267721
16.8977981
17.06508212
17.22336275
17.34928885
17.36738786
17.53535175
17.68168371
17.48304809
17.46159987
17.46203397
17.60912904
17.75036916
17.87037347
17.96619303
18.03698236
18.06605955
17.93080599
17.99015574
18.11714155
18.23978008
18.47731044
18.56101062
18.65212943
18.87976525
19.03857873
19.13366266
19.22301813
19.57046994
19.8039367
20.00494922
20.09273321
20.09602651
20.19870827
20.35119074
20.43584286
20.6170226
20.90698589
21.30668484
21.5467531
21.71595365
21.73751536
21.7747938
21.65476903
21.82135339
21.94248061
22.12160145
22.29892817
22.41613111
22.46376436
22.51795353
22.50716955
22.62602234
22.86940245
23.19396782
23.51756876
23.79841978
23.81161378
23.85957874
23.91774836
23.99597307
24.17083376
24.31357366
24.43668522
24.44243709
24.46130874
24.48996405
24.59814592
24.70372356
24.71288248
24.67346261
24.69582107
24.74222131
24.74910337
24.84853675
24.91861985
25.12173705
25.33062449
25.42637738
25.27731133
25.28849342
25.32838908
25.34478638
25.37644178
25.36424359
25.34645497
25.44918771
25.57805547
25.69402903
25.72736029
25.866801
26.01801612
26.1943127
26.30119931
26.32737784
26.34234966
26.33809038
26.30164407
26.24663128
26.27603756
26.26335092
26.30894592
26.2250276
26.22022993
26.1287306
26.06541321
26.08741101
26.20220739
26.26360807
26.27536618
26.24880617
26.30233539
26.30429337
26.23052025
25.98577846
26.03123457
26.08824123
26.00370685
25.9623075
25.92929875
25.90491364
25.92111674
25.89451287
25.73688524
25.58440555
25.56791306
25.57172012
25.54633904
25.60988461
25.61686932
25.48659723
25.38423521
25.29310573
25.26298939
25.26673629
25.20930117
25.17812226
25.04978093
24.91834224
24.95705882
24.95689479
24.83677153
24.75427073
24.63021747
24.59552661
24.55094199
24.51443135
24.46453563
24.30719237
24.13933841
24.08747569
24.06148009
23.97052886
23.874781
23.80904891
23.76937155
23.76577065
23.74777482
23.63053686
23.30856566
23.27148698
23.18373888
23.15130494
22.99075335
22.87062645
22.7557484
22.67832704
22.43797493
22.16135268
22.04489951
21.99508459
21.82596432
21.70737024
21.58822441
21.46400694
21.3301539
21.28082015
21.26154223
21.19272284
21.22125574
20.95062343
20.74072474
20.67244772
20.65920934
20.63053287
20.39348412
20.34456218
20.31266143
20.24458105
20.21312783
20.21568541
20.06828429
19.87416805
19.72179569
19.55156326
19.37847796
19.21384569
19.04541172
18.9633529
18.81794479
18.77847455
18.76619261
18.76784333
18.90475889
18.93206406
18.74728914
18.68047541
18.63780585
18.57939053
18.52145368
18.40010409
18.27050677
18.37214817
18.43895002
18.4106767
18.40160474
18.33356311
18.22108763
18.00976276
17.88384039
17.65217772
17.59566532
17.56972954
17.44059684
17.34647838
17.27064514
17.14088041
16.96007824
16.83160999
16.77119541
16.75326105
16.69001787
16.53486408
16.51192414
16.4438519
16.42516613
16.42756566
16.33533686
16.2604436
16.15951729
16.16383553
16.04853769
15.97722799
16.1591918